,Thailand,Japan,Singapore,Mongolia,Nepal,Malaysia,Sri Lanka,Philippines,India,Cambodia,Pakistan,Georgia,Indonesia,United Arab Emirates,Lebanon,Iraq,Oman,Afghanistan,Bahrain,Kuwait,Israel,Qatar,Saudi Arabia,Jordan,Azerbaijan,Armenia,Bhutan,Maldives,Bangladesh,Brunei,"Korea, South",Vietnam,Russia,Iran,Turkey,Reunion,Taiwan*
22-01,0,0,0,0,0,0,0,0,0,0,0,0,0,0,0,0,0,0,0,0,0,0,0,0,0,0,0,0,0,0,0,0,0,0,0,0,0
23-01,0,0,0,0,0,0,0,0,0,0,0,0,0,0,0,0,0,0,0,0,0,0,0,0,0,0,0,0,0,0,0,0,0,0,0,0,0
24-01,0,0,0,0,0,0,0,0,0,0,0,0,0,0,0,0,0,0,0,0,0,0,0,0,0,0,0,0,0,0,0,0,0,0,0,0,0
25-01,0,0,0,0,0,0,0,0,0,0,0,0,0,0,0,0,0,0,0,0,0,0,0,0,0,0,0,0,0,0,0,0,0,0,0,0,0
26-01,2,1,0,0,0,0,0,0,0,0,0,0,0,0,0,0,0,0,0,0,0,0,0,0,0,0,0,0,0,0,0,0,0,0,0,0,0
27-01,2,1,0,0,0,0,0,0,0,0,0,0,0,0,0,0,0,0,0,0,0,0,0,0,0,0,0,0,0,0,0,0,0,0,0,0,0
28-01,5,1,0,0,0,0,0,0,0,0,0,0,0,0,0,0,0,0,0,0,0,0,0,0,0,0,0,0,0,0,0,0,0,0,0,0,0
29-01,5,1,0,0,0,0,0,0,0,0,0,0,0,0,0,0,0,0,0,0,0,0,0,0,0,0,0,0,0,0,0,0,0,0,0,0,0
30-01,5,1,0,0,0,0,0,0,0,0,0,0,0,0,0,0,0,0,0,0,0,0,0,0,0,0,0,0,0,0,0,0,0,0,0,0,0
31-01,5,1,0,0,0,0,0,0,0,0,0,0,0,0,0,0,0,0,0,0,0,0,0,0,0,0,0,0,0,0,0,0,0,0,0,0,0
01-02,5,1,0,0,0,0,0,0,0,0,0,0,0,0,0,0,0,0,0,0,0,0,0,0,0,0,0,0,0,0,0,1,0,0,0,0,0
02-02,5,1,0,0,0,0,0,0,0,0,0,0,0,0,0,0,0,0,0,0,0,0,0,0,0,0,0,0,0,0,0,1,0,0,0,0,0
03-02,5,1,0,0,0,0,0,0,0,0,0,0,0,0,0,0,0,0,0,0,0,0,0,0,0,0,0,0,0,0,0,1,0,0,0,0,0
04-02,5,1,0,0,0,0,0,0,0,0,0,0,0,0,0,0,0,0,0,0,0,0,0,0,0,0,0,0,0,0,0,1,0,0,0,0,0
05-02,5,1,0,0,0,0,0,0,0,0,0,0,0,0,0,0,0,0,0,0,0,0,0,0,0,0,0,0,0,0,0,1,0,0,0,0,0
06-02,5,1,0,0,0,0,0,0,0,0,0,0,0,0,0,0,0,0,0,0,0,0,0,0,0,0,0,0,0,0,0,1,0,0,0,0,1
07-02,5,1,0,0,0,1,0,0,0,0,0,0,0,0,0,0,0,0,0,0,0,0,0,0,0,0,0,0,0,0,1,1,0,0,0,0,1
08-02,10,1,2,0,0,1,1,0,0,0,0,0,0,0,0,0,0,0,0,0,0,0,0,0,0,0,0,0,0,0,1,1,0,0,0,0,1
09-02,10,1,2,0,0,1,1,0,0,0,0,0,0,0,0,0,0,0,0,0,0,0,0,0,0,0,0,0,0,0,3,1,0,0,0,0,1
10-02,10,4,2,0,0,1,1,0,0,0,0,0,0,0,0,0,0,0,0,0,0,0,0,0,0,0,0,0,0,0,3,1,0,0,0,0,1
11-02,10,9,9,0,0,3,1,0,0,0,0,0,0,0,0,0,0,0,0,0,0,0,0,0,0,0,0,0,0,0,3,6,0,0,0,0,1
12-02,10,9,15,0,1,3,1,1,0,1,0,0,0,1,0,0,0,0,0,0,0,0,0,0,0,0,0,0,0,0,7,6,2,0,0,0,1
13-02,12,9,15,0,1,3,1,1,0,1,0,0,0,1,0,0,0,0,0,0,0,0,0,0,0,0,0,0,0,0,7,7,2,0,0,0,1
14-02,12,9,17,0,1,3,1,1,0,1,0,0,0,1,0,0,0,0,0,0,0,0,0,0,0,0,0,0,0,0,7,7,2,0,0,0,2
15-02,12,12,18,0,1,7,1,1,0,1,0,0,0,3,0,0,0,0,0,0,0,0,0,0,0,0,0,0,0,0,9,7,2,0,0,0,2
16-02,14,12,18,0,1,7,1,1,3,1,0,0,0,4,0,0,0,0,0,0,0,0,0,0,0,0,0,0,0,0,9,7,2,0,0,0,2
17-02,15,12,24,0,1,7,1,1,3,1,0,0,0,4,0,0,0,0,0,0,0,0,0,0,0,0,0,0,0,0,10,7,2,0,0,0,2
18-02,15,13,29,0,1,13,1,1,3,1,0,0,0,4,0,0,0,0,0,0,0,0,0,0,0,0,0,0,0,0,12,7,2,0,0,0,2
19-02,15,18,34,0,1,15,1,1,3,1,0,0,0,4,0,0,0,0,0,0,0,0,0,0,0,0,0,0,0,0,12,7,2,0,0,0,2
20-02,15,18,34,0,1,15,1,1,3,1,0,0,0,4,0,0,0,0,0,0,0,0,0,0,0,0,0,0,0,0,16,7,2,0,0,0,2
21-02,17,22,37,0,1,15,1,1,3,1,0,0,0,4,0,0,0,0,0,0,0,0,0,0,0,0,0,0,0,0,16,14,2,0,0,0,2
22-02,17,22,37,0,1,15,1,1,3,1,0,0,0,4,0,0,0,0,0,0,0,0,0,0,0,0,0,0,0,0,16,14,2,0,0,0,2
23-02,21,22,51,0,1,15,1,1,3,1,0,0,0,4,0,0,0,0,0,0,0,0,0,0,0,0,0,0,0,0,18,14,2,0,0,0,2
24-02,21,22,51,0,1,18,1,1,3,1,0,0,0,4,0,0,0,0,0,0,0,0,0,0,0,0,0,0,0,0,18,14,2,0,0,0,5
25-02,22,22,53,0,1,18,1,1,3,1,0,0,0,4,0,0,0,0,0,0,0,0,0,0,0,0,0,0,0,0,22,16,2,0,0,0,5
26-02,22,22,62,0,1,18,1,1,3,1,0,0,0,4,0,0,0,0,0,0,0,0,0,0,0,0,0,0,0,0,22,16,2,49,0,0,5
27-02,22,22,62,0,1,18,1,1,3,1,0,0,0,4,0,0,0,0,0,0,1,0,0,0,0,0,0,0,0,0,22,16,2,49,0,0,5
28-02,28,22,62,0,1,18,1,1,3,1,0,0,0,5,0,0,0,0,0,0,1,0,0,0,0,0,0,0,0,0,22,16,2,73,0,0,6
29-02,28,32,72,0,1,18,1,1,3,1,0,0,0,5,0,0,1,0,0,0,1,0,0,0,0,0,0,0,0,0,27,16,2,123,0,0,9
01-03,28,32,72,0,1,18,1,1,3,1,0,0,0,5,0,0,1,0,0,0,1,0,0,0,0,0,0,0,0,0,30,16,2,175,0,0,9
02-03,31,32,78,0,1,18,1,1,3,1,0,0,0,5,0,0,1,0,0,0,1,0,0,0,0,0,0,0,0,0,30,16,2,291,0,0,12
03-03,31,43,78,0,1,22,1,1,3,1,0,0,0,5,0,0,2,0,0,0,1,0,0,0,0,0,0,0,0,0,30,16,2,291,0,0,12
04-03,31,43,78,0,1,22,1,1,3,1,0,0,0,5,1,0,2,0,0,0,1,0,0,0,0,0,0,0,0,0,41,16,2,552,0,0,12
05-03,31,43,78,0,1,22,1,1,3,1,0,0,0,5,1,0,2,0,0,0,1,0,0,0,0,0,0,0,0,0,41,16,2,739,0,0,12
06-03,31,46,78,0,1,22,1,1,3,1,0,0,0,5,1,0,2,0,4,0,2,0,0,0,0,0,0,0,0,0,135,16,2,913,0,0,12
07-03,31,76,78,0,1,23,1,1,3,1,0,0,0,7,1,0,2,0,4,0,2,0,0,0,0,0,0,0,0,0,135,16,2,1669,0,0,12
08-03,31,76,78,0,1,24,1,1,3,1,1,0,0,7,1,0,2,0,4,1,2,0,0,0,0,0,0,0,0,0,118,16,3,2134,0,0,13
09-03,31,76,78,0,1,24,1,1,3,1,1,0,0,7,1,3,2,0,14,1,2,0,0,0,0,0,0,0,0,0,118,16,3,2394,0,0,15
10-03,33,101,78,0,1,24,1,2,4,1,1,0,2,12,1,3,9,0,22,1,4,0,1,0,0,0,0,0,0,0,247,16,3,2731,0,0,17
11-03,34,118,96,0,1,26,1,2,4,1,2,0,2,17,1,15,9,0,35,2,4,0,1,0,3,0,0,0,0,0,288,16,3,2959,0,0,17
