,France,Spain,Italy,Belgium,Finland,Sweden,Germany,Croatia,Switzerland,Austria,Greece,Hungary,Slovenia,Gibraltar,Poland,Bosnia and Herzegovina,Faroe Islands,Liechtenstein,Ukraine,North Macedonia,Latvia,Andorra,Norway,Portugal,Romania,Denmark,Estonia,Netherlands,San Marino,Belarus,Iceland,Lithuania,Ireland,Luxembourg,Monaco,Czech Republic,Vatican City,Slovakia,Serbia,Malta,Republic of Ireland,Bulgaria,Moldova,UK
22-01,0,0,0,0,0,0,0,0,0,0,0,0,0,0,0,0,0,0,0,0,0,0,0,0,0,0,0,0,0,0,0,0,0,0,0,0,0,0,0,0,0,0,0,0
23-01,0,0,0,0,0,0,0,0,0,0,0,0,0,0,0,0,0,0,0,0,0,0,0,0,0,0,0,0,0,0,0,0,0,0,0,0,0,0,0,0,0,0,0,0
24-01,2,0,0,0,0,0,0,0,0,0,0,0,0,0,0,0,0,0,0,0,0,0,0,0,0,0,0,0,0,0,0,0,0,0,0,0,0,0,0,0,0,0,0,0
25-01,3,0,0,0,0,0,0,0,0,0,0,0,0,0,0,0,0,0,0,0,0,0,0,0,0,0,0,0,0,0,0,0,0,0,0,0,0,0,0,0,0,0,0,0
26-01,3,0,0,0,0,0,0,0,0,0,0,0,0,0,0,0,0,0,0,0,0,0,0,0,0,0,0,0,0,0,0,0,0,0,0,0,0,0,0,0,0,0,0,0
27-01,3,0,0,0,0,0,1,0,0,0,0,0,0,0,0,0,0,0,0,0,0,0,0,0,0,0,0,0,0,0,0,0,0,0,0,0,0,0,0,0,0,0,0,0
28-01,4,0,0,0,0,0,4,0,0,0,0,0,0,0,0,0,0,0,0,0,0,0,0,0,0,0,0,0,0,0,0,0,0,0,0,0,0,0,0,0,0,0,0,0
29-01,5,0,0,0,1,0,4,0,0,0,0,0,0,0,0,0,0,0,0,0,0,0,0,0,0,0,0,0,0,0,0,0,0,0,0,0,0,0,0,0,0,0,0,0
30-01,5,0,0,0,1,0,4,0,0,0,0,0,0,0,0,0,0,0,0,0,0,0,0,0,0,0,0,0,0,0,0,0,0,0,0,0,0,0,0,0,0,0,0,0
31-01,5,0,2,0,1,1,5,0,0,0,0,0,0,0,0,0,0,0,0,0,0,0,0,0,0,0,0,0,0,0,0,0,0,0,0,0,0,0,0,0,0,0,0,2
01-02,6,1,2,0,1,1,8,0,0,0,0,0,0,0,0,0,0,0,0,0,0,0,0,0,0,0,0,0,0,0,0,0,0,0,0,0,0,0,0,0,0,0,0,2
02-02,6,1,2,0,1,1,10,0,0,0,0,0,0,0,0,0,0,0,0,0,0,0,0,0,0,0,0,0,0,0,0,0,0,0,0,0,0,0,0,0,0,0,0,2
03-02,6,1,2,0,1,1,12,0,0,0,0,0,0,0,0,0,0,0,0,0,0,0,0,0,0,0,0,0,0,0,0,0,0,0,0,0,0,0,0,0,0,0,0,2
04-02,6,1,2,1,1,1,12,0,0,0,0,0,0,0,0,0,0,0,0,0,0,0,0,0,0,0,0,0,0,0,0,0,0,0,0,0,0,0,0,0,0,0,0,2
05-02,6,1,2,1,1,1,12,0,0,0,0,0,0,0,0,0,0,0,0,0,0,0,0,0,0,0,0,0,0,0,0,0,0,0,0,0,0,0,0,0,0,0,0,2
06-02,6,1,2,1,1,1,12,0,0,0,0,0,0,0,0,0,0,0,0,0,0,0,0,0,0,0,0,0,0,0,0,0,0,0,0,0,0,0,0,0,0,0,0,2
07-02,6,1,3,1,1,1,13,0,0,0,0,0,0,0,0,0,0,0,0,0,0,0,0,0,0,0,0,0,0,0,0,0,0,0,0,0,0,0,0,0,0,0,0,3
08-02,11,1,3,1,1,1,13,0,0,0,0,0,0,0,0,0,0,0,0,0,0,0,0,0,0,0,0,0,0,0,0,0,0,0,0,0,0,0,0,0,0,0,0,3
09-02,11,2,3,1,1,1,14,0,0,0,0,0,0,0,0,0,0,0,0,0,0,0,0,0,0,0,0,0,0,0,0,0,0,0,0,0,0,0,0,0,0,0,0,3
10-02,11,2,3,1,1,1,14,0,0,0,0,0,0,0,0,0,0,0,0,0,0,0,0,0,0,0,0,0,0,0,0,0,0,0,0,0,0,0,0,0,0,0,0,8
11-02,11,2,3,1,1,1,16,0,0,0,0,0,0,0,0,0,0,0,0,0,0,0,0,0,0,0,0,0,0,0,0,0,0,0,0,0,0,0,0,0,0,0,0,8
12-02,11,2,3,1,1,1,16,0,0,0,0,0,0,0,0,0,0,0,0,0,0,0,0,0,0,0,0,0,0,0,0,0,0,0,0,0,0,0,0,0,0,0,0,9
13-02,11,2,3,1,1,1,16,0,0,0,0,0,0,0,0,0,0,0,0,0,0,0,0,0,0,0,0,0,0,0,0,0,0,0,0,0,0,0,0,0,0,0,0,9
14-02,11,2,3,1,1,1,16,0,0,0,0,0,0,0,0,0,0,0,0,0,0,0,0,0,0,0,0,0,0,0,0,0,0,0,0,0,0,0,0,0,0,0,0,9
15-02,12,2,3,1,1,1,16,0,0,0,0,0,0,0,0,0,0,0,0,0,0,0,0,0,0,0,0,0,0,0,0,0,0,0,0,0,0,0,0,0,0,0,0,9
16-02,12,2,3,1,1,1,16,0,0,0,0,0,0,0,0,0,0,0,0,0,0,0,0,0,0,0,0,0,0,0,0,0,0,0,0,0,0,0,0,0,0,0,0,9
17-02,12,2,3,1,1,1,16,0,0,0,0,0,0,0,0,0,0,0,0,0,0,0,0,0,0,0,0,0,0,0,0,0,0,0,0,0,0,0,0,0,0,0,0,9
18-02,12,2,3,1,1,1,16,0,0,0,0,0,0,0,0,0,0,0,0,0,0,0,0,0,0,0,0,0,0,0,0,0,0,0,0,0,0,0,0,0,0,0,0,9
19-02,12,2,3,1,1,1,16,0,0,0,0,0,0,0,0,0,0,0,0,0,0,0,0,0,0,0,0,0,0,0,0,0,0,0,0,0,0,0,0,0,0,0,0,9
20-02,12,2,3,1,1,1,16,0,0,0,0,0,0,0,0,0,0,0,0,0,0,0,0,0,0,0,0,0,0,0,0,0,0,0,0,0,0,0,0,0,0,0,0,9
21-02,12,2,20,1,1,1,16,0,0,0,0,0,0,0,0,0,0,0,0,0,0,0,0,0,0,0,0,0,0,0,0,0,0,0,0,0,0,0,0,0,0,0,0,9
22-02,12,2,62,1,1,1,16,0,0,0,0,0,0,0,0,0,0,0,0,0,0,0,0,0,0,0,0,0,0,0,0,0,0,0,0,0,0,0,0,0,0,0,0,9
23-02,12,2,155,1,1,1,16,0,0,0,0,0,0,0,0,0,0,0,0,0,0,0,0,0,0,0,0,0,0,0,0,0,0,0,0,0,0,0,0,0,0,0,0,9
24-02,12,2,229,1,1,1,16,0,0,0,0,0,0,0,0,0,0,0,0,0,0,0,0,0,0,0,0,0,0,0,0,0,0,0,0,0,0,0,0,0,0,0,0,13
25-02,14,6,322,1,1,1,17,1,1,2,0,0,0,0,0,0,0,0,0,0,0,0,0,0,0,0,0,0,0,0,0,0,0,0,0,0,0,0,0,0,0,0,0,13
26-02,18,13,453,1,2,2,27,3,1,2,1,0,0,0,0,0,0,0,0,1,0,0,1,0,1,0,0,0,0,0,0,0,0,0,0,0,0,0,0,0,0,0,0,13
27-02,38,15,655,1,2,7,46,3,8,3,3,0,0,0,0,0,0,0,0,1,0,0,1,0,1,1,1,1,1,0,0,0,0,0,0,0,0,0,0,0,0,0,0,15
28-02,57,32,888,1,2,7,48,5,8,3,4,0,0,0,0,0,0,0,0,1,0,0,6,0,3,1,1,1,1,1,1,1,0,0,0,0,0,0,0,0,0,0,0,20
29-02,100,45,1128,1,3,12,79,6,18,9,4,0,0,0,0,0,0,0,0,1,0,0,15,0,3,3,1,6,1,1,1,1,1,1,1,0,0,0,0,0,0,0,0,23
01-03,130,84,1694,2,6,14,130,7,27,14,7,0,0,0,0,0,0,0,0,1,0,0,19,0,3,4,1,10,1,1,3,1,1,1,1,3,0,0,0,0,0,0,0,36
02-03,191,120,2036,8,6,15,159,7,42,18,7,0,0,0,0,0,0,0,0,1,1,1,25,2,3,4,1,18,8,1,6,1,1,1,1,3,0,0,0,0,0,0,0,40
03-03,204,165,2502,13,6,21,196,9,56,21,7,0,0,0,0,0,0,0,1,1,1,1,32,2,3,6,2,24,10,1,11,1,2,1,1,5,0,0,0,0,0,0,0,51
04-03,285,222,3089,23,6,35,262,10,90,29,9,2,0,1,1,0,1,1,1,1,1,1,56,5,4,10,2,38,16,6,26,1,6,1,1,8,0,0,0,0,0,0,0,85
05-03,377,259,3858,50,12,94,482,10,114,41,31,2,2,1,1,2,1,1,1,1,1,1,87,8,6,10,3,82,21,6,34,1,6,1,1,12,0,0,0,0,0,0,0,115
06-03,653,400,4636,109,15,101,670,11,214,55,45,2,7,1,5,2,1,1,1,3,1,1,108,13,9,23,10,128,21,6,43,1,18,2,1,18,1,1,1,0,0,0,0,163
07-03,949,500,5883,169,15,161,799,12,268,79,46,4,7,1,5,3,1,1,1,3,1,1,147,20,9,23,10,188,23,6,50,1,18,2,1,19,1,1,1,3,0,0,0,206
08-03,1126,673,7375,200,23,203,1040,12,337,104,73,7,16,1,11,3,2,1,1,3,2,1,176,30,15,35,10,265,36,6,50,1,19,3,1,31,1,3,1,3,21,4,1,273
