,Australia,Australia,Australia,Australia,Australia,Australia,Australia,Australia,Australia,New Zealand
22-01,0,0,0,0,0,0,0,0,0,0
23-01,0,0,0,0,0,0,0,0,0,0
24-01,0,0,0,0,0,0,0,0,0,0
25-01,0,0,0,0,0,0,0,0,0,0
26-01,0,0,0,0,0,0,0,0,0,0
27-01,0,0,0,0,0,0,0,0,0,0
28-01,0,0,0,0,0,0,0,0,0,0
29-01,0,0,0,0,0,0,0,0,0,0
30-01,2,0,0,0,0,0,0,0,0,0
31-01,2,0,0,0,0,0,0,0,0,0
01-02,2,0,0,0,0,0,0,0,0,0
02-02,2,0,0,0,0,0,0,0,0,0
03-02,2,0,0,0,0,0,0,0,0,0
04-02,2,0,0,0,0,0,0,0,0,0
05-02,2,0,0,0,0,0,0,0,0,0
06-02,2,0,0,0,0,0,0,0,0,0
07-02,2,0,0,0,0,0,0,0,0,0
08-02,2,0,0,0,0,0,0,0,0,0
09-02,2,0,0,0,0,0,0,0,0,0
10-02,2,0,0,0,0,0,0,0,0,0
11-02,2,0,0,0,0,0,0,0,0,0
12-02,2,0,0,0,0,0,0,0,0,0
13-02,4,4,0,0,0,0,0,0,0,0
14-02,4,4,0,0,0,0,0,0,0,0
15-02,4,4,0,0,0,0,0,0,0,0
16-02,4,4,0,0,0,0,0,0,0,0
17-02,4,4,0,2,0,0,0,0,0,0
18-02,4,4,0,2,0,0,0,0,0,0
19-02,4,4,0,2,0,0,0,0,0,0
20-02,4,4,0,2,0,0,0,0,0,0
21-02,4,4,1,2,0,0,0,0,0,0
22-02,4,4,1,2,0,0,0,0,0,0
23-02,4,4,1,2,0,0,0,0,0,0
24-02,4,4,1,2,0,0,0,0,0,0
25-02,4,4,1,2,0,0,0,0,0,0
26-02,4,4,1,2,0,0,0,0,0,0
27-02,4,4,1,2,0,0,0,0,0,0
28-02,4,4,1,2,0,0,0,0,0,0
29-02,4,4,1,2,0,0,0,0,0,0
01-03,4,4,1,2,0,0,0,0,0,0
02-03,4,4,1,2,0,0,0,0,0,0
03-03,4,4,1,2,0,0,0,0,0,0
04-03,4,4,1,2,0,0,0,0,0,0
05-03,4,7,8,2,0,0,0,0,0,0
06-03,4,7,8,2,0,0,0,0,0,0
07-03,4,7,8,2,0,0,0,0,0,0
08-03,4,7,8,2,0,0,0,0,0,0
09-03,4,7,8,2,0,0,0,0,0,0
10-03,4,7,8,2,0,0,0,0,0,0
11-03,4,7,8,2,0,0,0,0,0,0
12-03,4,7,8,2,0,0,0,0,0,0
13-03,4,8,8,3,0,0,0,0,0,0
14-03,4,8,8,3,0,0,0,0,0,0
15-03,4,8,8,3,0,0,0,0,0,0
16-03,4,8,8,3,0,0,0,0,0,0
17-03,4,8,8,3,0,0,0,0,0,0
18-03,4,8,8,3,0,0,0,0,0,0
