,Germany,Finland,Sweden,Spain,Belgium,Croatia,Switzerland,Austria,Israel,Georgia,Greece,North Macedonia,Norway,Romania,Estonia,San Marino,Belarus,Iceland,Lithuania,Ireland,Luxembourg,Monaco,Armenia,Portugal,Andorra,Latvia,Ukraine,Hungary,Liechtenstein,Poland,Bosnia and Herzegovina,Slovenia,Serbia,Slovakia,Malta,Bulgaria,Albania,Cyprus,Holy See,France,France,France,France,France,France,France,Denmark,Denmark,Czechia,Moldova,United Kingdom,United Kingdom,United Kingdom,United Kingdom,Turkey,Jersey,Guernsey,Kosovo,Netherlands,Netherlands,Greenland
22-01,0,0,0,0,0,0,0,0,0,0,0,0,0,0,0,0,0,0,0,0,0,0,0,0,0,0,0,0,0,0,0,0,0,0,0,0,0,0,0,0,0,0,0,0,0,0,0,0,0,0,0,0,0,0,0,0,0,0,0,0,0
23-01,0,0,0,0,0,0,0,0,0,0,0,0,0,0,0,0,0,0,0,0,0,0,0,0,0,0,0,0,0,0,0,0,0,0,0,0,0,0,0,0,0,0,0,0,0,0,0,0,0,0,0,0,0,0,0,0,0,0,0,0,0
24-01,0,0,0,0,0,0,0,0,0,0,0,0,0,0,0,0,0,0,0,0,0,0,0,0,0,0,0,0,0,0,0,0,0,0,0,0,0,0,0,2,0,0,0,0,0,0,0,0,0,0,0,0,0,0,0,0,0,0,0,0,0
25-01,0,0,0,0,0,0,0,0,0,0,0,0,0,0,0,0,0,0,0,0,0,0,0,0,0,0,0,0,0,0,0,0,0,0,0,0,0,0,0,3,0,0,0,0,0,0,0,0,0,0,0,0,0,0,0,0,0,0,0,0,0
26-01,0,0,0,0,0,0,0,0,0,0,0,0,0,0,0,0,0,0,0,0,0,0,0,0,0,0,0,0,0,0,0,0,0,0,0,0,0,0,0,3,0,0,0,0,0,0,0,0,0,0,0,0,0,0,0,0,0,0,0,0,0
27-01,1,0,0,0,0,0,0,0,0,0,0,0,0,0,0,0,0,0,0,0,0,0,0,0,0,0,0,0,0,0,0,0,0,0,0,0,0,0,0,3,0,0,0,0,0,0,0,0,0,0,0,0,0,0,0,0,0,0,0,0,0
28-01,4,0,0,0,0,0,0,0,0,0,0,0,0,0,0,0,0,0,0,0,0,0,0,0,0,0,0,0,0,0,0,0,0,0,0,0,0,0,0,4,0,0,0,0,0,0,0,0,0,0,0,0,0,0,0,0,0,0,0,0,0
29-01,4,1,0,0,0,0,0,0,0,0,0,0,0,0,0,0,0,0,0,0,0,0,0,0,0,0,0,0,0,0,0,0,0,0,0,0,0,0,0,5,0,0,0,0,0,0,0,0,0,0,0,0,0,0,0,0,0,0,0,0,0
30-01,4,1,0,0,0,0,0,0,0,0,0,0,0,0,0,0,0,0,0,0,0,0,0,0,0,0,0,0,0,0,0,0,0,0,0,0,0,0,0,5,0,0,0,0,0,0,0,0,0,0,0,0,0,0,0,0,0,0,0,0,0
31-01,5,1,1,0,0,0,0,0,0,0,0,0,0,0,0,0,0,0,0,0,0,0,0,0,0,0,0,0,0,0,0,0,0,0,0,0,0,0,0,5,0,0,0,0,0,0,0,0,0,0,0,0,2,0,0,0,0,0,0,0,0
01-02,8,1,1,1,0,0,0,0,0,0,0,0,0,0,0,0,0,0,0,0,0,0,0,0,0,0,0,0,0,0,0,0,0,0,0,0,0,0,0,6,0,0,0,0,0,0,0,0,0,0,0,0,2,0,0,0,0,0,0,0,0
02-02,10,1,1,1,0,0,0,0,0,0,0,0,0,0,0,0,0,0,0,0,0,0,0,0,0,0,0,0,0,0,0,0,0,0,0,0,0,0,0,6,0,0,0,0,0,0,0,0,0,0,0,0,2,0,0,0,0,0,0,0,0
03-02,12,1,1,1,0,0,0,0,0,0,0,0,0,0,0,0,0,0,0,0,0,0,0,0,0,0,0,0,0,0,0,0,0,0,0,0,0,0,0,6,0,0,0,0,0,0,0,0,0,0,0,0,2,0,0,0,0,0,0,0,0
04-02,12,1,1,1,1,0,0,0,0,0,0,0,0,0,0,0,0,0,0,0,0,0,0,0,0,0,0,0,0,0,0,0,0,0,0,0,0,0,0,6,0,0,0,0,0,0,0,0,0,0,0,0,2,0,0,0,0,0,0,0,0
05-02,12,1,1,1,1,0,0,0,0,0,0,0,0,0,0,0,0,0,0,0,0,0,0,0,0,0,0,0,0,0,0,0,0,0,0,0,0,0,0,6,0,0,0,0,0,0,0,0,0,0,0,0,2,0,0,0,0,0,0,0,0
06-02,12,1,1,1,1,0,0,0,0,0,0,0,0,0,0,0,0,0,0,0,0,0,0,0,0,0,0,0,0,0,0,0,0,0,0,0,0,0,0,6,0,0,0,0,0,0,0,0,0,0,0,0,2,0,0,0,0,0,0,0,0
07-02,13,1,1,1,1,0,0,0,0,0,0,0,0,0,0,0,0,0,0,0,0,0,0,0,0,0,0,0,0,0,0,0,0,0,0,0,0,0,0,6,0,0,0,0,0,0,0,0,0,0,0,0,3,0,0,0,0,0,0,0,0
08-02,13,1,1,1,1,0,0,0,0,0,0,0,0,0,0,0,0,0,0,0,0,0,0,0,0,0,0,0,0,0,0,0,0,0,0,0,0,0,0,11,0,0,0,0,0,0,0,0,0,0,0,0,3,0,0,0,0,0,0,0,0
09-02,14,1,1,2,1,0,0,0,0,0,0,0,0,0,0,0,0,0,0,0,0,0,0,0,0,0,0,0,0,0,0,0,0,0,0,0,0,0,0,11,0,0,0,0,0,0,0,0,0,0,0,0,3,0,0,0,0,0,0,0,0
10-02,14,1,1,2,1,0,0,0,0,0,0,0,0,0,0,0,0,0,0,0,0,0,0,0,0,0,0,0,0,0,0,0,0,0,0,0,0,0,0,11,0,0,0,0,0,0,0,0,0,0,0,0,8,0,0,0,0,0,0,0,0
11-02,16,1,1,2,1,0,0,0,0,0,0,0,0,0,0,0,0,0,0,0,0,0,0,0,0,0,0,0,0,0,0,0,0,0,0,0,0,0,0,11,0,0,0,0,0,0,0,0,0,0,0,0,8,0,0,0,0,0,0,0,0
12-02,16,1,1,2,1,0,0,0,0,0,0,0,0,0,0,0,0,0,0,0,0,0,0,0,0,0,0,0,0,0,0,0,0,0,0,0,0,0,0,11,0,0,0,0,0,0,0,0,0,0,0,0,9,0,0,0,0,0,0,0,0
13-02,16,1,1,2,1,0,0,0,0,0,0,0,0,0,0,0,0,0,0,0,0,0,0,0,0,0,0,0,0,0,0,0,0,0,0,0,0,0,0,11,0,0,0,0,0,0,0,0,0,0,0,0,9,0,0,0,0,0,0,0,0
14-02,16,1,1,2,1,0,0,0,0,0,0,0,0,0,0,0,0,0,0,0,0,0,0,0,0,0,0,0,0,0,0,0,0,0,0,0,0,0,0,11,0,0,0,0,0,0,0,0,0,0,0,0,9,0,0,0,0,0,0,0,0
15-02,16,1,1,2,1,0,0,0,0,0,0,0,0,0,0,0,0,0,0,0,0,0,0,0,0,0,0,0,0,0,0,0,0,0,0,0,0,0,0,12,0,0,0,0,0,0,0,0,0,0,0,0,9,0,0,0,0,0,0,0,0
16-02,16,1,1,2,1,0,0,0,0,0,0,0,0,0,0,0,0,0,0,0,0,0,0,0,0,0,0,0,0,0,0,0,0,0,0,0,0,0,0,12,0,0,0,0,0,0,0,0,0,0,0,0,9,0,0,0,0,0,0,0,0
17-02,16,1,1,2,1,0,0,0,0,0,0,0,0,0,0,0,0,0,0,0,0,0,0,0,0,0,0,0,0,0,0,0,0,0,0,0,0,0,0,12,0,0,0,0,0,0,0,0,0,0,0,0,9,0,0,0,0,0,0,0,0
18-02,16,1,1,2,1,0,0,0,0,0,0,0,0,0,0,0,0,0,0,0,0,0,0,0,0,0,0,0,0,0,0,0,0,0,0,0,0,0,0,12,0,0,0,0,0,0,0,0,0,0,0,0,9,0,0,0,0,0,0,0,0
19-02,16,1,1,2,1,0,0,0,0,0,0,0,0,0,0,0,0,0,0,0,0,0,0,0,0,0,0,0,0,0,0,0,0,0,0,0,0,0,0,12,0,0,0,0,0,0,0,0,0,0,0,0,9,0,0,0,0,0,0,0,0
20-02,16,1,1,2,1,0,0,0,0,0,0,0,0,0,0,0,0,0,0,0,0,0,0,0,0,0,0,0,0,0,0,0,0,0,0,0,0,0,0,12,0,0,0,0,0,0,0,0,0,0,0,0,9,0,0,0,0,0,0,0,0
21-02,16,1,1,2,1,0,0,0,1,0,0,0,0,0,0,0,0,0,0,0,0,0,0,0,0,0,0,0,0,0,0,0,0,0,0,0,0,0,0,12,0,0,0,0,0,0,0,0,0,0,0,0,9,0,0,0,0,0,0,0,0
22-02,16,1,1,2,1,0,0,0,1,0,0,0,0,0,0,0,0,0,0,0,0,0,0,0,0,0,0,0,0,0,0,0,0,0,0,0,0,0,0,12,0,0,0,0,0,0,0,0,0,0,0,0,9,0,0,0,0,0,0,0,0
23-02,16,1,1,2,1,0,0,0,1,0,0,0,0,0,0,0,0,0,0,0,0,0,0,0,0,0,0,0,0,0,0,0,0,0,0,0,0,0,0,12,0,0,0,0,0,0,0,0,0,0,0,0,9,0,0,0,0,0,0,0,0
24-02,16,1,1,2,1,0,0,0,1,0,0,0,0,0,0,0,0,0,0,0,0,0,0,0,0,0,0,0,0,0,0,0,0,0,0,0,0,0,0,12,0,0,0,0,0,0,0,0,0,0,0,0,13,0,0,0,0,0,0,0,0
25-02,17,1,1,6,1,1,1,2,1,0,0,0,0,0,0,0,0,0,0,0,0,0,0,0,0,0,0,0,0,0,0,0,0,0,0,0,0,0,0,14,0,0,0,0,0,0,0,0,0,0,0,0,13,0,0,0,0,0,0,0,0
26-02,27,2,2,13,1,3,1,2,2,1,1,1,1,1,0,0,0,0,0,0,0,0,0,0,0,0,0,0,0,0,0,0,0,0,0,0,0,0,0,18,0,0,0,0,0,0,0,0,0,0,0,0,13,0,0,0,0,0,0,0,0
27-02,46,2,7,15,1,3,8,3,3,1,3,1,1,1,1,1,0,0,0,0,0,0,0,0,0,0,0,0,0,0,0,0,0,0,0,0,0,0,0,38,0,0,0,0,0,0,1,0,0,0,0,0,15,0,0,0,0,0,1,0,0
28-02,48,2,7,32,1,5,8,3,4,1,4,1,6,3,1,1,1,1,1,0,0,0,0,0,0,0,0,0,0,0,0,0,0,0,0,0,0,0,0,57,0,0,0,0,0,0,1,0,0,0,0,0,20,0,0,0,0,0,1,0,0
29-02,79,3,12,45,1,6,18,9,7,1,4,1,15,3,1,1,1,1,1,1,1,1,0,0,0,0,0,0,0,0,0,0,0,0,0,0,0,0,0,100,0,0,0,0,0,0,3,0,0,0,0,0,23,0,0,0,0,0,6,0,0
01-03,130,6,14,84,2,7,27,14,10,3,7,1,19,3,1,1,1,3,1,1,1,1,1,0,0,0,0,0,0,0,0,0,0,0,0,0,0,0,0,130,0,0,0,0,0,0,4,0,3,0,0,0,36,0,0,0,0,0,10,0,0
02-03,159,6,15,120,8,7,42,18,10,3,7,1,25,3,1,8,1,6,1,1,1,1,1,2,1,1,0,0,0,0,0,0,0,0,0,0,0,0,0,191,0,0,0,0,0,0,4,0,3,0,0,0,40,0,0,0,0,0,18,0,0
03-03,196,6,21,165,13,9,56,21,12,3,7,1,32,3,2,10,1,11,1,2,1,1,1,2,1,1,1,0,0,0,0,0,0,0,0,0,0,0,0,204,0,0,0,0,0,0,6,0,5,0,0,0,51,0,0,0,0,0,24,0,0
04-03,262,6,35,222,23,10,90,29,15,3,9,1,56,4,2,16,6,26,1,6,1,1,1,5,1,1,1,2,1,1,0,0,0,0,0,0,0,0,0,285,0,3,0,0,0,0,10,1,8,0,0,1,85,0,0,0,0,0,38,0,0
05-03,482,12,94,259,50,10,114,41,20,4,31,1,87,6,3,21,6,34,1,6,1,1,1,8,1,1,1,2,1,1,2,2,0,0,0,0,0,0,0,377,0,3,0,0,0,0,10,1,12,0,0,1,115,0,0,0,0,0,82,0,0
06-03,670,15,101,400,109,11,214,55,37,4,45,3,108,9,10,21,6,43,1,18,2,1,1,13,1,1,1,2,1,5,2,7,1,1,0,0,0,0,1,653,0,3,0,0,0,0,23,1,18,0,0,1,163,0,0,0,0,0,128,0,0
07-03,799,15,161,500,169,12,268,79,43,4,46,3,147,9,10,23,6,50,1,18,2,1,1,20,1,1,1,4,1,5,3,7,1,1,3,0,0,0,1,949,0,3,0,5,0,0,23,1,19,0,0,1,206,0,0,0,0,0,188,0,0
08-03,1040,23,203,673,200,12,337,104,61,13,73,3,176,15,10,36,6,50,1,19,3,1,1,30,1,2,1,7,1,11,3,16,1,3,3,4,0,0,1,1126,0,3,0,5,0,0,35,2,31,1,0,1,273,0,0,0,0,0,265,0,0
09-03,1176,30,248,1073,239,12,374,131,61,15,73,3,205,15,10,36,6,58,1,21,3,1,1,30,1,6,1,9,1,16,3,16,1,3,3,4,2,2,1,1209,2,1,0,5,0,0,90,2,31,1,0,1,321,0,0,0,0,0,321,0,0
10-03,1457,40,355,1695,267,14,491,182,83,15,89,7,400,25,12,51,9,69,1,34,5,1,1,41,1,8,1,9,1,22,5,31,5,7,5,4,10,3,1,1784,2,1,0,5,0,0,262,2,41,3,1,1,382,0,0,0,0,0,382,0,0
11-03,1908,59,500,2277,314,19,652,246,109,24,99,7,598,45,16,62,9,85,3,43,7,1,1,59,1,10,1,13,1,31,7,57,12,10,6,7,12,6,1,2281,2,1,0,5,0,0,442,2,91,3,2,1,456,0,1,0,0,0,503,0,0
12-03,2078,59,599,2277,314,19,652,302,131,24,99,7,702,49,16,69,12,103,3,43,19,2,4,59,1,10,1,13,1,49,11,89,19,16,6,7,23,6,1,2281,2,1,0,5,0,0,615,2,94,3,2,1,456,0,1,0,0,0,503,0,0
13-03,3675,155,814,5232,559,32,1139,504,161,25,190,14,996,89,79,80,27,134,6,90,34,2,8,112,1,17,3,19,1,68,13,141,35,32,12,23,33,14,1,3661,2,1,3,5,0,0,801,3,141,6,2,1,798,1,5,0,0,0,804,0,0
14-03,4585,225,961,6391,689,38,1359,655,193,30,228,14,1090,123,115,80,27,156,8,129,51,2,18,169,1,26,3,30,4,103,18,181,46,44,18,41,38,26,1,4469,2,1,3,5,0,0,827,9,189,12,2,1,1140,1,5,2,1,0,959,1,0
15-03,5795,244,1022,7798,886,49,2200,860,251,33,331,14,1221,131,171,101,27,171,12,129,59,2,26,245,1,30,3,32,4,119,24,219,48,54,21,51,42,26,1,4499,2,1,3,7,1,0,864,11,253,23,3,1,1140,1,6,2,1,2,1135,1,0
16-03,7272,277,1103,9942,1058,57,2200,1018,255,33,331,18,1333,158,205,109,36,180,17,169,77,7,52,331,2,34,7,39,4,177,25,253,55,63,30,52,51,33,1,6633,2,3,3,5,1,3,914,18,298,23,6,1,1543,1,18,2,1,2,1413,1,1
